X11
0
0,11
0,21
0,03
0,45
1,5
0
0
0
0,1
0
0,5
0,6
0,5
0
0,3
0
0,01
0
0,29
0,19
1
0,1
0
0,87
0,97
1
0,1
0
0,4
0
1
1
0,93
0,41
0,31
0
0,11
0
0

X12
0
0,12
0,22
0,32
0
1,9
2
0,21
0,22
0,3
0,4
0,5
0,6
0,43
0
0,23
0,13
0,9
1
0,28
0,18
0
0,9
0,31
0
0,11
0
0
1,5
1,3
1,1
0
0
0,12
0,68
0
0,88
0
1
0,7

X21
0
0,13
0,23
0,33
0,7
0,4
0,3
0,2
0,1
0,7
0,6
0,5
0,4
0,3
0,4
0
0,6
0,09
1
0,27
0,17
1
0,9
0
0,88
0
1
0,7
0,8
0,9
1
0
0
0,11
0,4
0,3
0,2
0,1
0
1

X22
0
0,14
0,24
0,34
1
1,5
1,6
1,7
0
1
1
1
0,96
0,2
0,4
0,6
0,8
0
0
0,26
0,16
0
0,1
0,3
0,2
0,1
0
1
0
0
0
1
1
0,9
1
0,7
0,8
0,56
0,4
0,34

X31
0
0,15
0,25
0,35
1,1
1,5
0,4
0,3
0,2
0,1
1
0
0,95
0
0,62
0,72
0
0,92
1
0,25
0,15
1
0,9
0,8
0,7
0,6
0,5
0,4
0,3
0,2
0,1
0
1
0,99
0
1
0
0,55
0,49
0,33

X32
0
0,16
0,26
0,36
0,46
0,56
0,66
0,76
0,08
0,96
1
1
0,94
0,84
0,74
0,64
0,54
0,44
0,34
0,24
0,14
0
0,1
0,2
0,3
0,4
0,5
0,6
0,7
0,8
0,9
1
0
0,18
0,22
0,36
0,4
0,54
0,68
0,72



X33
6,100
4,200
3,500
2,720
2,530
2,100
1,150
0,720
0,540
0,150
0,550
1,760
2,230
3,610
5,160
8,250
11,370
13,260
15,510
17,740
13,140
11,350
8,580
6,740
4,850
6,210
9,520
10,750
8,100
6,100
4,150
2,360
1,350
2,130
4,570
6,750
9,260
11,790
13,120
15,360




Y2
1,0128
1,251758
1,656866
1,67759
2,96112
6,0192
4,52016
2,40262
1,39488
2,09616
3,1968
2,4024
3,535922
1,94238
1,878989
2,12461
1,72776
2,710558
3,3552
1,619554
1,474418
2,4134
3,05616
1,92522
2,29104
1,97978
2,2248
1,85196
3,23088
2,93744
2,80512
2,0174
2,7408
2,617061
2,4672
2,24708
2,39136
1,624526
2,716495
2,293529

Y3
0,7596
0,91037
1,24265
1,220066
2,22084
4,3776
3,39012
1,74736
1,04616
1,52448
2,3976
1,7472
2,651942
1,41264
1,409242
1,545171
1,29582
1,971315
2,5164
1,177858
1,105814
1,7552
2,29212
1,40016
1,71828
1,43984
1,6686
1,34688
2,42316
2,13632
2,10384
1,4672
2,0556
1,903317
1,8504
1,63424
1,79352
1,181474
2,037371
1,668021

Y4
0,70896
0,864851
1,159806
1,159062
2,072784
4,15872
3,164112
1,659992
0,976416
1,448256
2,23776
1,65984
2,475146
1,342008
1,315292
1,467913
1,209432
1,872749
2,34864
1,118965
1,032093
1,66744
2,139312
1,330152
1,603728
1,367848
1,55736
1,279536
2,261616
2,029504
1,963584
1,39384
1,91856
1,808151
1,72704
1,963584
1,39384
1,91856
1,808151
1,72704






Y1
0,844
1,137962
1,380722
1,525082
2,4676
5,472
3,7668
2,1842
1,1624
1,9056
2,664
2,184
2,946602
1,7658
1,565824
1,931464
1,4398
2,464144
2,796
1,472322
1,228682
2,194
2,5468
1,7502
1,9092
1,7998
1,854
1,6836
2,6924
2,6704
2,3376
1,834
2,284
2,379146
2,056
2,0428
1,9928
1,476842
2,263746
2,085026