X1_1
5.764850787612264
9.529000830577242
0.4794650165500003
4.48524030436354
1.5065359891787722
6.538608876419048
5.463183918022977
4.168196716051296
0.6355290227714305
7.692539299666992
2.5043368887050823
0.5367762375572527
4.251989335758416
3.104966665882726
4.790120463974555
1.1286152073532563
3.432227724003909
6.316406750534873
3.4967791635823753
8.895439776748177
4.063726362798851
8.048073459507654
4.953183538313281
6.560144668918776
0.5768618016168725
0.33030020994036513
0.5331169200101382
9.147644076053176
1.5279055433878541
4.391609149936616
0.007348238609764524
0.7206801046632472
8.173360760310874
3.3425223874130228
9.823691170704823
8.562017715779985
9.639187633976555
9.852188545671442
8.3514724770903
6.904348895191658
4.859486533809036
2.2218358850125686
2.281412704408149
8.322895110474755
8.543327205394535
5.542091216484532
1.2178517076191886
5.953822455613351
0.7101505087502968
2.4664417748824965

X1_2
-1.0343926251881268
0.482322137662821
0.46345109950441393
0.13826387112716257
0.9051580562265309
0.7470294770270894
0.2355849208983287
-0.31704972147030713
0.3316623559441281
0.3906488839102539
-0.7360570322049349
1.141848306854164
0.012686816767264285
0.9058703686518678
0.3252794895820696
-0.9720703437564865
-0.2395068624502229
-0.3646125363296737
0.19397550608912384
-0.2264919141440736
-1.952121850950925
-1.9783751251759798
0.19649949695209865
0.35012484132720867
0.18217334190793533
-0.16271115878230466
1.1250804381775799
0.6068437443732531
1.7624176087104708
-0.7278480706796564
-0.3609451885260172
-0.16180123560352955
0.309675065709726
0.46036157392276356
-0.20382635671952296
-0.47594506885229815
0.1047814430736338
-1.134825314048121
0.6857005790042678
1.0165968574452513
0.2695938331077774
0.6365692167172764
0.985183527737143
-1.3097942733594377
-1.003185420076794
-0.8949563405831349
0.18122000290343865
0.9117167947702921
-1.3588195036118715
0.0187354357852239

X2_1
0.41657344557629705
5.106895644561282
3.621759755494204
5.463092989542777
8.651384620641979
5.581982924031712
1.3827297169636765
7.189851985858812
8.594388206667213
0.4128310455844675
3.2164507392353334
1.785573624501604
4.185537997402971
7.731056094989453
0.6823774368424917
9.164045250573203
4.858130490282173
0.5495270226330662
9.50487802076514
5.317756780227794
8.617753693214487
1.791284055139667
9.907264295678033
7.513773623878924
2.6171404930168016
3.1483074303754743
1.6109784679904116
7.90088414591331
0.82753141575307
4.864270855630373
7.337135739562836
9.886766518733276
4.699325334707041
1.5911820658944797
1.10597709964672
7.433990514137816
8.815616391495855
6.128548814261653
1.6545348724970699
4.1185485742731345
6.188381655567968
5.8666583049115655
9.184308069580897
3.8381857029201427
7.081083686498477
4.647491548034112
9.06149650350203
5.892791778189645
3.0396703470796096
2.1495959861996417

X2_2
-3.8514174626653164
4.627575107315302
-3.9814618605685625
3.139162076275406
-1.7044295456995915
2.904665600391785
4.3821404706715885
1.6110708615948601
4.677870293406297
1.2795829933506484
3.2084407116347897
-4.408328648780147
-3.8222838186125676
1.3192795788751868
1.8852567427923193
1.4162956480163675
-1.8004279580126017
4.989310681962527
-0.8011610960410875
-0.4117396610801185
2.922986266599291
4.616949966259282
-2.1209542411975324
-4.0800324113600634
2.5836511078152835
0.8735673693231858
-3.9519408570620462
3.1850293666365896
-4.071956466850621
4.069855922477647
0.38480748317509317
-2.9825798625818933
4.331325370455572
3.1167500805666766
-3.692668511476019
0.5867341328886191
-4.356216500536099
-2.4215222404634797
0.7905212926302072
-2.6460460257797846
2.009947573336216
-1.2260253277818367
-4.500950546411968
3.0269907786587886
0.9488222335603238
1.237142541221723
-3.278523720613568
-3.7897947225770787
2.7645723763627643
0.8172969134927186

X3_1
3.945886120955314
9.704562688337056
6.890811984037297
9.182328345258929
4.768812498878782
4.975283885603465
7.065974317692206
4.4424957786211525
4.880965322970958
3.7737362369686247
2.738925491526202
5.465381393465965
5.037020257454272
9.958096412097097
7.099417804836181
2.8699207395347894
4.468773113268921
0.8574003784756234
8.022576704804973
7.554291661625911
9.732920886389392
3.8333449223964475
2.070942540371412
7.664328486792461
2.33784363331608
9.428237111110818
6.767790957409368
6.4932831461147895
3.43186032090352
3.5426291954640146
7.411422990009424
2.267183383031809
5.979121032499435
2.886626852518427
3.7069270024400938
0.33276119150329464
6.557370615969881
6.408802799002082
1.8686835350205555
1.459548839538063
4.763393000339821
9.09895388976537
1.870126047543974
2.0680816025788094
4.181259910869139
4.328476760147951
8.11899337103781
5.114470151680216
2.6064836585022455
7.200220628970845

X3_2
-4.015691490638671
-4.035566016829818
-0.37754485756962186
1.0344665571659242
1.1105695046680006
4.181687028784058
-1.3440128528362583
4.320825767538242
1.3323250234012143
3.0061262184607234
0.6039798742152405
-3.344645982616552
1.2961406623901128
-2.090121824167065
-2.5642952187851984
3.5890499787252814
-1.8659030868173865
1.9456302541734338
-0.6841399321005062
0.05848065181765261
-0.13318492979098373
0.6788731623707642
1.386887418863676
-4.648718337297532
1.73640726354395
0.02260880061173509
-0.5280041305643257
-2.753993373206015
4.246509901364108
-4.639532312037135
-4.438183404018824
-2.9780507841743598
-4.655267856933216
0.09221386275796473
4.8639715543424895
-0.7248188882632807
4.4169927579736505
2.736134050221554
-0.4858928553527271
0.48648041624099747
-0.08691584567937927
-3.7718182860410487
-0.9026099970891011
-3.324094930589254
4.601702363481868
1.8281681235590375
-1.4706418546680133
1.8679755431304512
-3.626097297577097
-4.847707386182712

X3_3
-1.0280246183326827
1.3749170660812395
1.8295944487487703
0.7003962726444878
1.7077496092778157
-0.7305743241293815
1.3230037535465928
0.13011759523672958
-0.2828354216305002
0.1939676291101472
-1.061679477143789
-0.16564308857574042
0.449303552821134
-0.8935398923645071
0.4886960116914172
-1.6337749748419081
1.1560100436341147
0.5523502518169557
-0.6384548824060464
0.6371659578711103
-1.4295473267955257
-0.06468947048954111
1.144019212683228
-0.1812921497642458
0.7842185164874577
-0.3498414832180733
-1.9652910875263143
-0.011157804394118138
-1.2504327274182099
0.16258555125231636
-0.0020850999218701306
0.12055747624548942
-1.1052597100451378
-0.37416947529880024
0.20532567099274648
0.7552889925611844
0.5467368179770016
0.7474080857833656
0.6230473453345234
-0.8841037519925659
0.6300874619679958
1.1443460015908251
1.9693510136002728
-1.313574117695129
2.1744570911854786
-0.1919402637672318
1.28872750115923
-1.0868525388476284
-2.3164538944016058
0.8816801539281132

Y1
-13.636752890311087
63.705176185454306
16.35258738125519
13.085905319864104
8.487632953172007
40.07697243116618
43.11776211989005
55.75221203111043
-0.6384972138308795
29.816069934665048
24.993188953351165
11.308447478783602
-323.60405565090326
31.571481465105286
30.006390454945095
30.337093546875693
27.785291998389553
40.12159099035334
-20.824477778479885
49.89544926054098
55.52990622826486
54.77998624375146
-50.32431520812723
-26.79347872646634
-0.3652987505772758
57.53569878371575
23.262546985478032
36.58548882573815
16.029525998872245
29.38271990176067
41.10054896331468
62.01931743051874
35.27451706161946
18.84203521345275
-6.376039197033433
20.222349069964114
-91.27898947723631
12.351656032792661
10.442834721898924
-15.15573683021197
5.440555534280814
16.454356329889606
-14.703415617105572
30.2732658929401
40.223359418289824
33.096357512360264
-24.976295919290372
-4.3985937998981015
8.300577539242227
-93.96562908484792

Y2
0.3161578557061291
19.14724631353893
7.728363800809236
18.89881354752878
11.811773994464804
-4.15595052048408
12.987165338220267
39.58587813099325
-22.043218104638903
30.641704909300998
-3.1939536994480258
-36.957261724716986
18.86787090696011
-15.43013064019126
23.04111284639125
-10.283283239522078
11.712252875523077
7.701904405415873
0.16580778516212957
36.24590369035325
-9.980784297035896
-65.60849887830754
12.516535201440227
-41.176637505494085
3.525079630789954
-36.0258194737816
-3.3366531795229406
-690.5230348928819
-1.5245005339297264
29.657470941693948
-4283.897224188294
27.120712201291077
1.0638077905916963
-6.245712758596678
30.754972225765076
-3.3816893740632423
25.65935403870332
21.51383260349881
11.07663482185327
6.780213196285712
11.580517699918898
18.74038605682392
8.005728742515373
3.601159362187094
2.986374656022681
-26.670890045352714
12.919214111039393
1.6391426543156138
-3.994720631789167
11.241538501962989

Y3
2.3776047951891637
10.08394055084622
6.114454262008468
9.407499706098793
4.172279780831302
5.94994783916876
7.443575368105009
4.900082390913397
5.016994364174474
8.010631485619808
3.6679472695685083
5.7623395764479115
16.52764639600859
10.558497422468195
8.642832350645072
3.721976841666272
5.207183938889234
1.8426735021083995
8.657429139868112
9.158760757615992
10.826010397217516
5.423840315806808
2.2242383523434293
9.545374133011714
2.100046300771707
9.690756179804692
7.806779254407476
7.26816544190002
4.004314959950728
4.050617649452202
7.4599514271671215
2.3467786836976443
7.292002222753647
3.648487156002166
-0.2517837817336894
1.1574718081156365
8.476722806309708
9.073674228669146
4.754677606477056
5.81165679037329
5.071215100154574
8.98282118734045
1.3591591257122506
3.996634593926484
4.500346871938158
5.499126751343068
7.782758221091536
7.946792108850392
3.889523433285057
7.672555206281333

Y4
-0.3222373984076012
0.14781291760720194
-0.029558568633030836
0.09016766806107737
-0.26913347355579653
1.167074146099389
0.06357191050754557
0.6522597655847449
0.17511355036553497
0.6047169310510078
-0.1413853748976232
0.009069521285556948
-0.08028107850101132
0.2615348775492441
0.07133732391087269
-26.585853658319966
-0.1924311716365615
2.8601462468084144
-0.4510762894349166
-0.6440077481473497
-0.17779613523675733
-1.5414513340783338
-0.8068468622256983
0.014178928508683065
0.2585127659380405
0.12729534306051946
0.009908021721636462
0.3215728669666974
4.509060767757815
-0.09971477253647622
0.6128339973612723
-0.2664535127188284
0.13831994752849466
0.25295929219626934
-1.4402989911626394
2.6832666771340534
-0.08903738815897973
-0.9455113901303521
1.0859189992910179
2.1662781028064977
0.29077356635485246
-0.09367141694251259
0.022065531713441913
-0.8348565323333493
-0.20082509397484608
-0.13169263145860802
-0.08896341145441805
0.3681621643408195
0.010548015909567821
0.08317355607504653

