X1_1
3.1629940391929035
5.404317628261092
6.883434005261247
8.37261804855655
7.091952109108568
7.384724419938125
1.1169454757134045
9.760316708648416
5.581955359648223
5.485703178582798
7.792746432946881
0.6011030385858918
0.3110068074269967
9.42208291600964
4.393132642958251
8.699794806190571
2.8762956292154507
9.865865145363022
7.775538872176771
2.872412365095811
5.064216677360401
6.631882690984147
8.580206887389105
5.852719033626787
9.869660465167696
8.002164689898887
2.1635498027760036
7.81352808500457
3.0815751547200163
9.586743523630686
8.541733084096387
0.4385570970110675
5.975487377775099
6.386165749149281
7.389108153928955
3.6881049443877867
6.4743114856620085
0.35869431709684485
8.302178395024912
8.314185825004007
0.013565248247570105
8.192716396809573
2.4225241975915965
6.620015164122334
4.3103745447575434
2.994954024428249
5.141982706493282
8.047526200724484
0.6899590608913775
7.076720360872596

X1_2
1.0208718003183066
0.6004495937661113
1.123135241948959
0.9168778648064465
-0.2459697397545511
-1.5546211457313162
-0.498596680005946
0.945232859138965
-1.4861430005825216
0.9698686189421322
-1.088254114205983
-0.5795023881985184
-0.1471504577078949
-0.5069074868445617
-1.6004393293154326
0.6768954829998821
-1.0642397471918716
-1.5901238148544223
-1.7823866685305283
0.604845499347385
-1.5721487997958303
-0.7758823841844124
0.9202861390172092
0.4593522232350081
-0.6695403459753081
0.7839589415176129
0.35036863383459216
0.23924144009756154
-0.5566494337105405
-0.09848031038266017
-0.00019736779871333887
1.499049814870911
-1.5788646929318308
1.7481294075637102
-0.2828209157317844
-1.6566571135341095
-2.04535135570126
1.1673830872053232
-0.8819738369906112
-0.4076316432010615
-0.28994348567049216
0.026755235917685204
-0.5032642758627425
2.0841134798683165
-1.3126136810336684
0.8555818471593375
1.006862796833646
0.0006217263803556223
-0.3595191944993212
1.2019931010627956

X2_1
6.141475547738181
5.93082111876152
7.312327992911402
3.6596180029245975
6.106257168555372
4.264552153066511
8.833784209818061
4.289598216345871
0.6238798127830891
8.656296865667576
4.637343905701749
0.0007844694546332853
7.591854571684163
9.057777554698932
7.856543258289403
4.9847294095431325
3.829934689429393
2.0532066571041305
7.12610464429961
6.314289657059272
8.125423352606463
1.5440911867550988
7.609712035152903
2.4859311757454106
1.4637789495336606
6.2542378705164845
0.2910945467031989
6.874136587788562
5.611784897884729
4.244699092207048
9.497916009879168
5.855255826162374
1.6620318004035062
3.7016798424059916
3.548432137359173
8.592124802230693
1.8074205474715388
6.326581595723324
6.519120083322654
7.0136145290544984
6.780237843070158
7.454726577738038
5.092123876088301
5.902918403737467
8.325347287785652
7.635900253497718
3.463502727867729
0.3995885384865483
0.6195781990426785
3.8146894529527886

X2_2
0.9106957942165295
2.6585531608314206
-0.5663451623152005
3.5141431099085008
-1.4662800007824472
-3.1808495408483326
-2.154337874495101
-0.4356244382452523
-0.5562575325153496
2.400583685850189
1.7953004926344276
2.874239664018276
4.536565170006847
1.2429180634725583
-0.13457279306562153
3.898363904466269
3.0605985218143736
-1.5949045064723908
2.418220152560295
1.671052044667361
0.21415667118666804
4.74482862488925
0.23262687558838202
-1.1259742044422802
-0.8155245772712298
-3.309379527504741
1.1763329244312732
4.946437886985196
3.1017994499592163
2.820092487806689
0.5555541778959281
1.205226557568265
-4.1798524026086525
-0.8263032082797093
0.681415340755736
2.0571600687646736
-0.9712042232818741
-0.697435617654274
-0.21527325360505323
-4.407022283489701
-4.789199006620041
1.8104364294569075
4.459365517802986
-4.417954453847792
2.2736551277964345
-2.713267071890002
0.7840723121038016
4.438690228799329
-4.328953190677534
1.337867765203022

X3_1
8.410192580386344
7.052343476579378
6.4521575944392895
8.085934485791212
9.14590836845639
2.453888928769988
7.515994625272157
1.964328359334071
5.0455770894656515
2.691096929080814
2.9810060705003325
9.672271086126328
9.130928666976672
9.447037256573921
6.00216333505389
9.15759286667397
7.667338985065101
1.3893562212609878
2.4946507688673636
6.502311274828197
3.9962558421988073
2.068625240368276
7.630560158965983
1.2720180835139072
2.4738218539055845
3.012828114248216
7.384715358870287
9.47216522370135
6.206028785678076
8.826256797701008
2.490322803887295
0.4235879189939751
0.2516321960209489
2.2874459232195186
6.272975574111381
7.224678790509661
7.99944887978509
5.267008014186283
4.85012691292127
0.24604323042333287
8.866944839225377
6.650120522457213
5.433879256383505
1.4643721191813563
9.04849272560405
6.000790602295262
9.960047050605393
9.649434139447523
5.427843141990591
6.079761997946513

X3_2
-3.852907404289716
2.5760694685547305
4.599382177193675
-0.5728861130487974
-2.040122205262591
-4.477155934034032
-2.1279895253069436
2.88109491067972
-3.746684090639131
-4.76956992702957
0.19945257598442012
-0.7403234188436496
2.605435376696624
0.597673960325463
-0.7859608007194971
-1.4679543365365602
-1.6640846360532735
1.018455478137521
-2.6079891408237064
-2.191797919608587
-3.1874745380894254
1.5939851401825216
3.879284281988957
2.1782783745940577
-3.47574002695762
-1.8942189603158321
4.9974566570923
-4.327686449870684
4.434896611498962
1.0332546779473164
1.5997927759162494
4.556180718408083
2.8209104163046996
-2.0939745934381016
-4.080712168725444
0.4786126587175179
1.0042253871997548
-1.3061823652627345
-3.6423158950229197
0.4341314971442154
-4.812099437273668
-1.609326375446123
0.35255076157288023
-4.936059062275824
1.4708424513650282
4.139403653385722
-1.0177270793967894
-1.4031075071357249
1.2069630548125296
4.247816677452837

X3_3
0.6117016375785433
1.1521653836759118
0.5667315137388805
2.262814364388621
-0.17757589682246236
0.4089329685035833
2.6356265290895466
-0.16099097711095217
0.8999537155022348
-2.7353325190475672
-1.8968493383700378
-1.1942840327794355
0.10373938487437372
-0.03601071705509951
-0.2525825179649625
-0.5293281700804336
-0.2682621104621522
-0.03225979438225378
-1.3784564603363636
-1.082520886154986
1.014895554197896
3.0593279409652125
0.3612119218896673
0.9628245174548009
0.3043893749035301
0.44738577209325814
0.04263981717318183
0.24469555196047774
0.5501722588258285
1.442534693793849
-0.6077981319648665
-0.6133881956211346
0.5206955955979338
0.9772446761476666
0.39834260958301765
-1.2164404303920102
1.3123307011670804
0.8075065041173266
1.2177820603179952
-2.0061853700874313
-0.7198108663129424
0.3897477094156447
-0.48915922520713373
1.1972095412177688
-0.20681048507737385
-1.8081309061772524
0.4637074024016232
-1.261227069884701
-2.314869754062325
-0.8819422803845445

Y1
-637.2403115572135
-300.24362635066143
-113.59270229484403
-451.6485590884338
-714.3562912172971
-38.05856768767141
-429.44725957456694
124.13401894102671
-142.5252276392859
-92.40233798881391
40.8379163248552
-906.9295596142879
-747.3486233144093
-745.6967759961115
-191.43095287227223
-689.0098757893168
-446.6991980491589
108.6089399912024
34.44740453820455
-274.52461082277887
-64.30931694943841
41.39292988751107
-301.6792895326178
50.68091240879643
51.24523368443961
43.10031062142308
-271.26758421884375
-866.1986815492338
-142.06791322445645
-587.4035591017001
70.09734035488117
98.1766256881264
69.70730016559457
32.14930309262318
-253.19208937974705
-360.16866137948585
-458.8811266745572
-144.12757212080027
-84.57421602684104
82.17235200009686
-803.4765905867077
-224.2333065831945
-156.3207785838072
-61.61546067339559
-716.1389614367647
-128.39253846079973
-955.7975360723535
-832.364227915154
-152.3893526522222
-89.1163376411281

Y2
247.78373894490787
246.84500179726942
447.07452701079853
132.75758339135388
283.41619265465124
137.15712828025005
689.3110951943452
185.35858021855333
37.14923173882222
688.5188358597301
170.13687503784865
3.5929881958133842
442.38487238665016
842.3209664738673
509.4664103430768
213.27787137714802
70.45735013630731
115.20024183780174
433.92061742886824
265.5172324385094
568.2849681071834
58.86613980543237
524.861049656122
55.01411285316555
109.37944174336005
314.7635627189196
8.518623487441854
398.93642311037837
192.1597472750786
180.7024456406773
938.8691774547507
206.32402861805124
43.00714645723443
101.86908380474674
107.1462337688987
654.7454894862849
55.46235276678894
255.54553044216095
353.964581570336
417.79661214551624
306.71722694359215
491.4323609227007
144.53789853131272
258.1382236398039
602.6152375116161
456.0652661836562
75.93433982803772
77.31331919535947
-3.1553738573811048
116.6521498720549

Y3
-420.16772534063807
-124.79253648102141
219.9324932685448
-479.60276353577973
-545.5946349628828
-26.71364928620581
255.38480633830417
95.51700520177032
-180.55131392916695
520.888185272822
73.49341875463688
-905.0240684810992
-305.77822061013654
-99.52136373333369
268.478029912629
-647.0246193200018
-398.9273252491926
7.280121541874754
328.8599035820056
-33.445075859628076
440.50563059470653
-0.8706539227816652
54.99702045455831
23.89023364510195
-53.742528755751025
210.74316338500978
-277.63420946195754
-605.83471269269
25.180054556127303
-609.7583394063347
845.7110381392349
295.4964751328071
27.27267501206994
29.821657781551053
-269.86624404891216
257.5706706998101
-504.72703693097776
105.13291374193513
114.89186852351766
345.32215680353454
-496.62510964995533
116.26747547164878
-28.115196734505098
82.5282461380701
-160.37381243605753
300.31811616842623
-947.318404942017
-900.9225612497856
-157.6662013562265
-92.32113165492663

Y4
20.247703614650852
13.704575384125638
16.058478849523382
18.522850039994832
25.91891369509746
23.724725090891887
24.883274919701158
12.462548975643973
17.940450601136202
15.496882076520869
12.607748116366059
7.525460704411309
10.142679341966629
26.557202473273936
20.52022964143713
19.20548386139765
13.773033054678564
15.44274107253518
17.989993481801317
14.522392786422133
22.746258093062153
7.740995678185376
19.14949370680311
9.061836416954119
19.07245559371463
22.13625599305981
3.357841310164506
23.54653257124289
8.46951446936101
20.34536725196125
17.76702417988452
-1.1564444443009774
11.347653649033271
14.524684585076558
21.29097621868402
17.40935249278805
19.6058418058691
13.596025326835466
25.62877043720541
17.94818064394095
24.83217899379436
22.459445916492
8.150716101343146
22.454415264514225
19.04552017494208
12.541795545388918
18.25603185782737
13.799117360729895
7.904019978226646
9.301551987668699

